10.01756540	0.02133133101	3163190946185170816	111.232288433188	12.883407960647	0.249597799290275	0.161194974490483	1.5484217	-1.18692119739304	0.371053357546424	-2.09118178951498	18.015226	-0.46483612
33.60312390	0.00363189936	2048059656229575424	294.486053409964	34.971851201152	5.637498445847630	0.150165892740502	37.5418050	31.88773479933400	0.244493795130029	12.72290534935740	18.536879	-0.2872162
10.01636610	0.04122461992	1030480031472438400	128.588429984069	53.604311139535	5.024015564097250	0.103324493100625	48.6236650	-0.97668806252152	0.130210124185925	-2.07232824539183	16.887436	-0.39455986
10.01636610	0.04101108792	836510989033113472	165.188129869987	52.178781024451	1.902550391221440	0.220334843619965	8.6348140	-4.95987714220765	0.263787996521800	-10.87358834619630	18.562637	-0.20895195
34.49031270	0.01130573059	2767667274751730048	4.018933745401	13.416687415020	16.231389900020100	0.131084004730678	123.8243300	303.08971958494200	0.333856639435662	-36.71948339784590	16.983377	0.25091743
10.70953490	0.01541445667	2791084432881749760	18.412883188647	22.960843066626	0.697310988173700	0.094940585241118	7.3447094	1.55928056020385	0.186339498531135	-2.38859026759599	16.646826	-0.37513542
7.91361565	0.01856242863	1384415294059868544	239.603085271660	43.068715901690	0.644321599775394	0.308413839237545	2.0891461	-3.40125987152057	0.461844580120081	-2.30769515698062	19.29325	0.3217106
3.68698082	0.01679173318	1384415294059868544	239.603085271660	43.068715901690	0.644321599775394	0.308413839237545	2.0891461	-3.40125987152057	0.461844580120081	-2.30769515698062	19.29325	0.3217106
3.68639324	0.02343835472	2048949573450878336	294.020339756628	37.171451907398	0.403882298739751	0.125843382639908	3.2094042	-3.80557345737892	0.198186644256006	-8.51166722562584	17.921783	-0.17325974
4.75713310	0.01115081999	1400407587606292736	241.292380914559	49.995012139502	9.007370499890560	0.133088469554083	67.6795700	-31.47606762835360	0.262852924760714	30.41675292011440	18.402086	0.11991882
2.60328781	0.03716922875	4227762843209196032	310.789715122021	-0.908519577379	0.545604470285726	0.432338354513560	1.2619850	0.69757413882979	0.834730722063600	-2.14890427012315	19.412863	0.27274323
30.42829580	0.00463569489	4294967777041193344	294.509040439520	7.155082336661	8.394950941193070	0.120091058894307	69.9048800	37.22400909550250	0.195250615651065	-32.09877643188290	17.631508	0.22159767
3.89958363	0.01868903357	1806486197003559040	301.048350923154	14.197269152392	0.431110837035323	0.094401434475086	4.5667825	0.51484781462038	0.135116262036989	-0.65978660371848	16.892773	-0.23101425
42.58752330	0.01412639446	4316892902224455552	296.523448035025	13.329970670896	0.493872164392126	0.141206683908059	3.4975126	-0.60510133026687	0.220317529693050	-6.60278636702222	17.755869	-0.1755867
1.34879125	0.00730455337	1760211635240543872	316.396366089253	14.706033285843	0.700247600936877	0.138695090623100	5.0488276	-9.81023696055065	0.194957393638582	-11.15114994988150	17.678432	-0.54864883
41.46755180	0.00782938757	1845170967440690304	315.245831732223	27.458622927107	2.706245010959000	0.231817795346596	11.6740180	-6.29435955784600	0.353298602022712	-14.51301543191950	18.894703	-0.026094437
15.74372780	0.00502175738	1857946334786502144	312.523319348701	28.347760413451	1.915226486752680	0.124165319066125	15.4248100	1.63686876248218	0.208137071561500	0.55528337551544	17.94615	-0.4367771
39.49214130	0.00275161134	2048726028997258368	296.148150189853	36.745576528598	4.045515342768480	0.120482027289024	33.5777500	-21.96687461896260	0.194962778449346	-61.03719198295240	18.10589	-0.19383621
47.15597780	0.00628630898	2045398533176335360	294.767965241261	32.870756139317	2.856634853873360	0.122466026014111	23.3259370	-12.56040332272210	0.218118386269998	-29.64261919579490	18.161995	-0.2578411
5.93505423	0.01977881234	380560941677424768	8.469299723276	38.924891795410	1.018045889918500	0.245587355492900	4.1453514	-3.30748453335550	0.378863090997649	-5.97252755430188	18.366873	-0.14723587
34.28162220	0.00598932641	335932928641667968	41.467610529966	40.729268504454	0.580834770512557	0.340387747284362	1.7063916	0.59130859535796	0.551854755487084	0.09160183689765	18.65656	0.26490593
0.50043711	0.00535129336	256860385994839552	67.392718181501	46.181567673504	5.507269200348110	0.321276029146080	17.1418610	10.15558757243440	0.541256627838000	-137.94492516152600	18.96324	0.32082176
36.55936590	0.02666971245	784809821991176960	168.992227746560	44.161984629334	0.580577817335498	0.390946284814701	1.4850577	-1.16435630904678	0.360141044113565	-1.86602542921546	18.503283	0.2458992
47.99892540	0.01791732354	2165296565303913344	317.890070660530	48.184394380679	7.284437502587700	0.071445494878721	101.9579700	7.80027297982898	0.128893680996598	-37.91594933427590	16.901764	-0.16743279
0.51106743	0.01455422923	2165296565303913344	317.890070660530	48.184394380679	7.284437502587700	0.071445494878721	101.9579700	7.80027297982898	0.128893680996598	-37.91594933427590	16.901764	-0.16743279
25.95991500	0.00720816096	2137269734736526208	296.297031341881	52.615073284139	3.723201322323400	0.172191918315118	21.6223930	-0.47767004313537	0.350701138908656	-16.13962271394880	18.728033	-0.15578842
6.03576719	0.00749899708	2174305138960269952	325.972059405821	54.404473663321	1.932690378104000	0.191055527789772	10.1158570	4.33394557373128	0.363493308249884	1.02858215294960	18.666655	0.29920578
6.03576719	0.00741085093	2177060034059550720	318.923123651731	55.560694322234	2.751608535722770	0.251259415012532	10.9512650	15.77053230235240	0.485720773534300	5.96735089391978	19.05096	-0.14196396
36.19965460	0.00972913289	1992614926980563712	350.328825631862	52.720405499610	0.414693449953941	0.145622995894728	2.8477194	-1.98146406122522	0.240540319536341	-4.80650646367766	18.011728	-0.04119873
42.32753070	0.00576562836	283704786292510464	89.397863753195	62.985840893217	3.766446976102990	0.195287302499061	19.2866970	7.06568822659354	0.208386109434170	-23.99480853691620	18.343142	-0.1639862
34.55784710	0.00636122747	4301327597131289344	294.773033203895	8.537144283067	7.297805328121780	0.143942344485637	50.6995050	17.87352562623800	0.233698002204106	-0.92044149829970	17.706942	-0.014411926
10.70953490	0.01549311107	4521530432948598400	287.147173059076	24.039229531773	0.760092849918852	0.247861121820346	3.0666077	-1.26628521883890	0.301493528568593	-2.31300325215014	18.91148	0.31285858
41.75074030	0.01709301318	1861237855993050368	304.972597610808	29.646624376347	4.290671430804560	0.145803959034483	29.4276750	14.93945868756430	0.215233781157756	-10.02639442004880	17.917559	-0.16452217
10.12849770	0.01631996385	1793977396812785152	324.087769218830	22.523571137478	1.384462070595220	0.620066417910580	2.2327642	3.65126597424787	0.943921002124704	-0.96559552472019	19.913425	0.42892647
39.49214130	0.00272041502	2047850749015802624	296.070433128043	36.074741800016	0.410552855640723	0.199704720140799	2.0557995	-5.27419602097424	0.292243846340221	-6.78051778145453	18.283705	0.021770477
0.99669276	0.02087181250	2048599314570668544	295.159889940327	36.119415131978	7.785671828869610	0.268226359614849	29.0264970	71.31848720950640	0.441013613752228	46.11328956956450	19.29296	0.45236778
4.19550681	0.01255904550	2048552649755257728	294.155466925612	36.849470199366	9.582255876458160	0.312526743212573	30.6605950	-30.12280209758960	0.574136205114123	-17.91260822221580	19.289608	0.55739784
3.47223860	0.00362338178	2163204052940667520	313.178912180972	45.284281569226	4.084976041682560	0.087387931186433	46.7453100	-0.51352584387813	0.162259637695372	-10.31217403509650	17.498203	-0.2758522
7.69410049	0.00968054028	1972325845059542656	320.529531091297	46.443538771300	0.693070087543560	0.396328837801593	1.7487248	2.06243883129243	0.556646718070830	6.99951602045685	19.320602	0.03705597
0.51106743	0.01503417627	1970965886615954304	321.953684867591	44.066876443760	7.496017142839300	0.200069558323851	37.4670560	-56.36181070825280	0.404805432828957	-27.48771569880570	18.711058	0.52313614
43.74939320	0.00498270801	2166131159050439552	318.711421788734	50.285021036202	3.864452246391620	0.264518465436576	14.6093855	30.73546080976320	0.475114482154896	12.61887609455690	19.04267	0.1289711
2.00425632	0.04870474225	1996081480970874112	350.765571300072	54.461180419181	1.406602608291730	0.334824649463030	4.2010126	1.38607018897020	0.505292820960823	-3.14239329403154	19.562916	-0.40899277
6.00766976	0.01353313236	510002661752584448	24.038244173775	61.393363737957	1.929292129089870	0.252709220451438	7.6344350	-7.50042468157311	0.285233946274137	-0.92797100557928	19.021976	0.038599014
12.35822080	0.00440737779	2211328611734694272	341.236596168917	64.337617050298	7.009019069059330	0.179807770233942	38.9806250	68.25315567371330	0.328958590900529	2.35830077418901	18.807806	0.3159809
8.87702669	0.00794295824	4267842997009552128	288.417012437054	2.079516812356	0.992838679955972	0.586115971050410	1.6939287	0.34798125632863	1.110502985687070	-1.27931202676016	19.291327	-0.047527313
44.64401880	0.01855521734	3342623169300428416	90.776798395794	12.126417138880	8.708073227415800	0.235893037753716	36.9153480	-5.78293501971433	0.521274822473220	-16.21994474605940	18.501175	0.47940445
11.00628640	0.00449639066	1820848395862697216	297.328856907932	17.341489609900	7.307911680716130	0.195162607946086	37.4452440	-44.43006169667120	0.260507154285336	-79.19237479024610	18.436285	0.33228683
22.08854560	0.00580999977	1820758201554194176	297.757291583621	16.782642622882	0.652039669233022	0.277237994209192	2.3519132	-3.64830758762603	0.366217604776056	-5.49712506246467	19.02347	-0.14300156
26.86116680	0.01101896133	1939842457643560320	359.257451392484	48.905704264883	11.456229945145200	0.348991845529900	32.8266400	-25.24624253457380	0.454235637253959	-27.04108628442420	18.716354	0.5804291
11.67021980	0.00889355127	2020837157077399552	295.798296588949	24.951425227184	8.094495194041260	0.138599259701187	58.4021530	-5.42138951945488	0.192801503531148	-57.55334764908330	18.199503	0.1619854
43.73224970	0.00717629279	1852157367402614656	316.859035613420	29.398928080084	0.642894781101625	0.429969530275646	1.4952100	-0.76616105418683	0.699021152531060	-1.66505104676609	19.285538	0.3476448
7.89318220	0.00381120687	2047138712171990784	295.893504888070	34.452955902152	0.265561895888553	0.176546653263935	1.5042024	-3.15109363124018	0.287246524636220	-5.84543111466828	18.413143	-0.113313675
1.19654257	0.01922603026	394978146162671232	4.547318070258	51.530450002433	7.261442423092620	0.895837114543979	8.1057620	-1.04085487792865	1.012151829206990	0.67207797054016	18.188076	0.8289261
2.19752475	0.01854684473	394978146162671232	4.547318070258	51.530450002433	7.261442423092620	0.895837114543979	8.1057620	-1.04085487792865	1.012151829206990	0.67207797054016	18.188076	0.8289261
17.03575530	0.01266121524	2208855745663943296	346.421712867677	65.398652339328	2.812396334586200	0.360201294767252	7.8078460	4.32047458586328	0.689361657711243	-4.86036899302100	19.400484	-0.009832382
7.69410049	0.00973689227	1978219536621659136	322.922658851241	46.908327206479	0.556403242069270	0.100760401100375	5.5220428	0.01385384997458	0.164560540502644	-1.98667946812326	17.416126	0.030136108
